output	correctOutput	line

850244170	64459067	1
688895787	548379786	2
923214362	325499312	3
989066945	23821168	4
444897887	12869318	5
63149765	52325898	6
223221714	906007823	7
527072796	506627454	8
798939951	825237319	9
468973490	249299348	10
24030667	891611160	11
84704990	110676382	12
604191929	843719129	13
215520940	284718541	14
382432945	404205073	15
966155064	440167008	16
308181262	672635722	17
466056265	758549197	18
219182952	769855593	19
402162782	661718868	20
518148206	869889098	21
829337760	360121165	22
137800348	984545913	23
956671720	522528961	24
22473024	746910491	25
432511127	559829641	26
483617954	904823885	27
156600250	659136986	28
492249250	52720236	29
453306889	70046234	30
7193954	951194937	31
238666119	449751780	32
920268746	663350759	33
209860814	169936547	34
441675118	931933824	35
4533733	920879042	36
181468914	37245465	37
644218199	167428649	38
784873559	928294214	39
875586745	831828666	40
372165487	467732331	41
520395777	466947341	42
698319332	995913727	43
234243203	254959647	44
939656115	51482496	45
204237973	68919441	46
741530905	753042849	47
353778715	90756463	48
396811470	876952028	49
164708967	163666501	50
458764923	966779270	51
318121676	481683403	52
700796015	727493328	53
242777492	139898456	54
627833988	37198134	55
51874564	758165764	56
378224301	79532311	57
967907082	199418802	58
990695311	820918680	59
237527895	551534336	60
564681796	860841502	61
861853467	732813564	62
181816886	943782692	63
796696445	963347964	64
413059079	46507441	65
630162851	907976214	66
139011406	59947483	67
342403402	157048597	68
487543738	275975392	69
382434111	738437422	70
901117772	211813859	71
76862553	486256031	72
139597258	747970850	73
769686333	644514801	74
938539885	268407752	75
439871497	784302195	76
189014625	409993116	77
809500979	944394770	78
767438770	414907	79
908994618	175443444	80
121539256	717557046	81
495838630	264074585	82
738213297	755490265	83
291662012	844855403	84
852239709	867926742	85
345044236	154945525	86
980533879	766530397	87
31690580	288006505	88
660585560	222456313	89
536113999	467836418	90
426027684	695177667	91
845324645	517791910	92
207513524	392611560	93
22537135	994841879	94
573790087	668453114	95
763538763	765782285	96
459736555	925170033	97
744437114	617390541	98
496454139	303610014	99
38759489	839784068	100
523339485	686456404	101
928508079	845649736	102
41161578	25593697	103
990379737	700508112	104
986758418	237616157	105
529641702	765355098	106
129253367	421492946	107
384201609	995370756	108
296902722	214897305	109
106807803	694501873	110
128433761	228349919	111
518315265	305141927	112
811410588	981410069	113
406770239	134133368	114
779255780	972619399	115
278788744	302551070	116
660671410	891292271	117
458347988	856271811	118
520840195	675628043	119
264423055	698579742	120
646545238	651932627	121
896553150	771469188	122
609302737	539383064	123
706229976	218519587	124
865017031	872599007	125
762212649	85867007	126
373782299	408016262	127
301599223	190513337	128
570086258	282329314	129
775895020	853176953	130
273242002	403241232	131
184611269	329819751	132
700498828	486018353	133
209496017	85843503	134
867140957	335991938	135
192470922	383790404	136
755188532	507155738	137
376361902	812794710	138
569083606	829455135	139
870053694	408081892	140
545431035	910936877	141
645253846	853450932	142
943421186	657961513	143
19715290	113975759	144
322189502	397316066	145
773288315	849378870	146
857513083	99885657	147
537995309	602865688	148
905268633	259135077	149
476653724	951183952	150
396397097	953467562	151
880141701	321368928	152
788499659	707892982	153
657359844	171630160	154
950732729	273019981	155
314384595	573752487	156
582771257	116992028	157
783486852	389806205	158
683501726	354101284	159
739538426	661466535	160
682945755	414448168	161
297117952	540950769	162
466588219	562478690	163
193564108	501749658	164
776035374	174065295	165
299750302	868995757	166
651527610	323012137	167
169443885	92301186	168
724740052	662531782	169
512715749	223165960	170
692120277	332635118	171
579712845	46148167	172
662983584	744775735	173
710218269	229703636	174
617269197	279103832	175
976622951	66725144	176
469110710	128084319	177
218745804	164055470	178
102798952	827699563	179
392670034	975429542	180
248028717	654498105	181
124067952	650742334	182
104739373	694456723	183
776440160	704371300	184
170935709	265458707	185
613101900	147052881	186
27341007	287467365	187
347962310	322115404	188
896646283	757203222	189
874444610	219651322	190
93845291	36839694	191
492866112	723307978	192
459300841	848215666	193
762916430	12695606	194
494371219	903769097	195
34709458	996222668	196
229281477	438137861	197
886582694	456985943	198
576580958	475570596	199
121214776	432280015	200
963630826	704797166	201
731129600	295411481	202
812651234	42191119	203
720606661	2313201	204
675699904	469761039	205
81298825	777993181	206
972005692	654399496	207
713013977	611592795	208
250010129	820458148	209
726141765	744375608	210
853804357	825224976	211
673691128	831432765	212
826909570	55533198	213
420383800	734761037	214
757349617	979612215	215
430377462	151906477	216
774476207	58787044	217
90521512	820054710	218
745765717	153795221	219
292236615	845819334	220
867509310	213334406	221
673485637	24155355	222
173874248	626083515	223
440935396	212981894	224
783697145	519030685	225
252012170	450825886	226
515725713	610733281	227
597374354	769631339	228
548725990	35895278	229
356534546	648616449	230
202392165	875980018	231
950725006	328594638	232
266151587	449738406	233
359925900	389068797	234
56146382	145721087	235
196206515	568215212	236
745407860	755838797	237
861083612	893810763	238
828013737	548503555	239
510047321	119536170	240
150903972	293626263	241
457166901	866851934	242
842467042	319456443	243
51220014	718257644	244
324176661	390453863	245
460876872	628957999	246
980094073	747470928	247
968706605	135696750	248
620254838	161579329	249
797059363	792552420	250
43277027	784643137	251
464353453	718367125	252
951392385	315652538	253
31097072	680335891	254
522341735	185453483	255
766628400	977442292	256
896192882	358567389	257
769506677	495103014	258
78932160	497423055	259
919184920	769226206	260
676943172	413467284	261
316079228	267813746	262
747156863	410633044	263
299122236	430059781	264
850654096	959550690	265
674579818	521821599	266
684180777	777742193	267
735459847	196600889	268
102148733	368323647	269
689487316	259446342	270
878920746	348867278	271
7546562	209433271	272
2942720	498932798	273
912615370	187250929	274
136862502	615771857	275
753011524	617208477	276
619475002	579973078	277
416458863	45658909	278
467548163	304520645	279
273163556	975750437	280
83682723	578735708	281
648751047	414942339	282
760246285	181367655	283
274691720	860160353	284
25958609	500349721	285
408250631	718605154	286
732487333	713655198	287
911124269	344087954	288
757306456	848352969	289
826998593	462652711	290
14459019	531761188	291
302784380	263896910	292
672389651	320686023	293
606329790	723953917	294
703583252	33193498	295
930074399	489420608	296
786333976	381080477	297
309291317	104929151	298
311405504	643780774	299
304230364	388526106	300
279179663	454668369	301
825665975	584259607	302
412268611	826554218	303
233138446	785150321	304
184480917	456152606	305
522332712	45688023	306
625859701	292722839	307
169707103	728806741	308
125008003	794917994	309
233778763	469396794	310
676209254	436902680	311
990611760	605243098	312
582954427	133114727	313
462082898	91981274	314
417607386	100369477	315
560325101	167990404	316
561483075	942391543	317
996035873	496161019	318
115536013	85400355	319
723771915	618997142	320
321058000	237776440	321
93938578	796092040	322
218597128	308211396	323
520639295	128498469	324
738750670	959204065	325
91389590	349760472	326
989484818	24505789	327
634514621	970110755	328
737950385	985895857	329
778847553	636627426	330
264757858	11733521	331
880475635	642008216	332
700189176	5544137	333
568132094	577294582	334
810878811	529647613	335
440548827	229567314	336
356038496	332386731	337
64535124	560018618	338
994861896	311391059	339
787158980	869604550	340
414261996	965605723	341
316582082	706797300	342
17537385	930775340	343
739278353	822545394	344
359533385	508968421	345
108652710	228416636	346
560764408	384888694	347
751945537	169414569	348
964663353	755316059	349
416710672	662027570	350
229741016	697156776	351
694839421	725465354	352
651403453	403326587	353
624016113	932217080	354
789277856	467979094	355
977151383	232456323	356
304679336	461567535	357
532189306	764603821	358
118624576	484750160	359
459311968	241484738	360
133288026	25577985	361
166962462	124330785	362
119848351	198064470	363
782542411	144461748	364
673005942	781748048	365
885812735	974221863	366
213819747	797177615	367
80269772	372795828	368
95106197	736332317	369
108916844	756200366	370
421794222	192674338	371
367423845	102077758	372
20070494	260117162	373
753019851	17271004	374
556381777	51928330	375
488631698	690019218	376
426056940	354152827	377
744837282	213370019	378
742681709	394589275	379
94805039	968900938	380
822898103	653299239	381
270802941	408184979	382
416177230	577402683	383
590089664	571861628	384
843658618	892494408	385
475944666	366430564	386
487667048	88659852	387
246978763	760334556	388
17140247	319772448	389
179124817	653218476	390
643888360	365802921	391
571878913	608710787	392
849950201	725470818	393
312174326	476893846	394
699484386	513756453	395
363256804	140047171	396
679613184	177341988	397
193307848	37854483	398
188423391	962967790	399
838517677	653568147	400
87865156	212933393	401
771641971	446518700	402
209573712	984849429	403
231881622	222569864	404
777525353	946081233	405
897574848	472539666	406
535997692	142643191	407
349337546	461282091	408
439567822	999709450	409
953635501	348203156	410
728553758	989295077	411
692668434	507504154	412
639773128	644846183	413
444051364	213811253	414
763951040	562674872	415
946634825	17052131	416
826847325	70359472	417
71836579	298913563	418
839730008	803462248	419
196421690	416690989	420
447997828	158188379	421
73750408	584991140	422
822759198	519703478	423
69073097	49129853	424
576500851	746605760	425
276352148	208245644	426
963162629	768725009	427
200165051	534895875	428
513328456	988429341	429
272637869	497994864	430
702892848	948465	431
646944773	815609982	432
630814945	818029262	433
42789199	197961758	434
961805291	3822917	435
594164799	168585714	436
637204653	806583380	437
663995180	676246142	438
477526551	693283419	439
740772501	195441789	440
605569911	816746706	441
188055984	125635822	442
943301241	331214236	443
711726234	651495294	444
852006891	550968618	445
589002192	632794248	446
933361178	777761865	447
902634859	936521143	448
634589083	283409312	449
59170821	871596979	450
626125689	467759094	451
28483501	225027159	452
74390791	29012709	453
235764906	405574737	454
119718771	795671329	455
882824083	229364568	456
374903050	933996790	457
518498651	421989630	458
99572581	188178599	459
195882830	835730865	460
885146856	991830261	461
555320096	999593115	462
483525074	446232746	463
66507380	56329650	464
807275995	796377325	465
784348838	193124497	466
166656504	310407073	467
700249206	68236260	468
164306918	286030915	469
994534551	958385863	470
634340667	974942459	471
785886210	269595486	472
817169982	327789636	473
702814222	384044389	474
23508198	406437244	475
800026980	856264791	476
634173687	420137885	477
428023760	726274003	478
120753204	547010389	479
215509978	26480972	480
534279318	29654872	481
415842560	32933451	482
723998569	617403192	483
265868867	623879260	484
79812084	305904404	485
896451437	155840166	486
658208322	49316967	487
899373614	645305940	488
101226350	641871808	489
176625352	636996319	490
943369881	239305115	491
477086647	50677494	492
410459548	423989059	493
686984932	806137878	494
307150272	662779760	495
386253926	443235726	496
45781853	12897287	497
316838946	155750146	498
647760550	533238056	499
558644121	317363801	500
748420102	822282204	501
942004287	888331965	502
260976370	995725407	503
267370943	162965473	504
450347912	365308718	505
942616949	591763022	506
341757113	171867055	507
631282570	909240265	508
920523579	569295606	509
942567943	744640362	510
943157204	573106657	511
725256797	655292285	512
801532023	702348594	513
159849053	54511233	514
490967508	795280558	515
788482855	673265730	516
454600272	560134473	517
735855202	81716187	518
972011326	526142438	519
168578159	612927087	520
67438963	595739663	521
238971377	98400228	522
611158613	90106637	523
372884115	178294206	524
352229590	357573080	525
692536881	300915019	526
358424746	38668182	527
687935149	492202304	528
959916201	781520791	529
483061709	98782203	530
349827412	168768185	531
51162202	241133804	532
632742107	65286396	533
528673441	346430320	534
678518839	977556299	535
686134400	295129440	536
458794551	935186089	537
561473285	787868996	538
347780760	35253384	539
507511071	355705469	540
935301954	124609470	541
567380962	421588194	542
962786762	598748575	543
805424649	170874338	544
443534190	733740427	545
236396356	504885854	546
702251604	431209022	547
131789053	566744308	548
733633995	182063659	549
739465821	686852799	550
200745246	708694991	551
672902223	374592935	552
387739602	702729265	553
189509493	23473482	554
381003396	701213717	555
815116538	425538737	556
616347230	189013257	557
504296857	86266771	558
518565046	321341902	559
38725209	701298142	560
258765365	769447803	561
603958001	466172978	562
165778136	351510869	563
914079954	319184618	564
742614074	780792490	565
542005831	128755845	566
456530174	137072323	567
962752213	707396463	568
975692053	424199071	569
584537781	585517153	570
367879147	793095543	571
664753392	906518701	572
983766690	958275753	573
744304404	225764318	574
631024795	455613608	575
539934233	859346040	576
975902933	891948057	577
632294192	803690477	578
212298782	424890820	579
183697867	104425198	580
613986935	640423872	581
866509415	359235579	582
113537271	941783347	583
433709779	22336413	584
619724929	251096761	585
682792180	768431040	586
908341837	262157082	587
298450080	902394981	588
92918124	485583219	589
617854605	882019101	590
602356848	355634024	591
618798996	793831685	592
379884681	969812811	593
342595769	187261604	594
339066572	503729215	595
408009705	79680223	596
794856236	167333954	597
397333560	481188400	598
765275327	107572565	599
777217268	43495569	600
870902869	78275421	601
743739431	386215720	602
145328492	601529357	603
700495061	862890613	604
680433260	673631477	605
566849307	991539111	606
333029181	766684458	607
166716862	648415815	608
673955963	152455892	609
672973716	544706401	610
846531775	765865630	611
719027104	868635862	612
170305771	759910497	613
242467378	144229310	614
18668917	555880019	615
992683054	865322908	616
627402509	336532406	617
403696371	957587276	618
348187737	703566342	619
827732056	898241663	620
815193875	78973256	621
497754469	753167412	622
285902418	741973017	623
409101824	583481650	624
125380292	528312880	625
939805599	354258285	626
772432563	270941402	627
206451952	290534696	628
413625607	304673910	629
73409105	680743454	630
841675696	711205113	631
252535157	668797493	632
432910155	99189129	633
909955169	168998592	634
54006042	65479877	635
714093108	547317374	636
21302061	252572226	637
217886311	700755656	638
603404495	547800565	639
169769982	716964169	640
464991805	473058869	641
670415134	611993977	642
771756388	685410057	643
348205957	417791609	644
470011015	50058303	645
408691747	100829847	646
375720838	405977472	647
928284242	377305678	648
258921796	712379040	649
708368108	667621769	650
388234489	951046697	651
112306144	241948287	652
419815791	340556381	653
737496834	660307478	654
544590906	33218302	655
902888988	385338793	656
416476222	137945165	657
144963177	275770660	658
283907253	731007746	659
936972743	897014632	660
635309023	172714997	661
764844621	643391335	662
608413014	810333603	663
260106997	174722800	664
574167947	623545521	665
999332918	381028716	666
517931586	511280946	667
523892782	289732010	668
161040043	691434611	669
850921432	410178725	670
837919504	998230449	671
731252121	993558530	672
493592928	425217241	673
59829106	737162306	674
564453330	825205266	675
875525607	369255607	676
736322691	383865025	677
620240646	640600749	678
603654237	333976065	679
82201302	119859301	680
738101850	725005517	681
220340027	296530185	682
16368868	46644739	683
978178528	323923045	684
440584115	226471364	685
546120807	689062405	686
697141136	62724792	687
685822665	438603052	688
304642526	292656729	689
4265894	648753645	690
752232529	467584592	691
917765730	975043566	692
913695904	584778777	693
258197330	336763184	694
891581792	793949528	695
861716473	304021955	696
264928385	320044703	697
965209897	260797953	698
763725815	361963917	699
342629956	134465963	700
761627946	497948862	701
505214852	177793162	702
96254881	592451692	703
262526027	969890336	704
894105704	977522812	705
547310513	771948479	706
616679371	11507265	707
113852373	128143708	708
525242388	134541259	709
260356980	598351091	710
970834492	426191994	711
70214525	430594860	712
415253184	292929062	713
776507558	340421990	714
688646119	50443133	715
938236921	758601116	716
757876183	707009224	717
978051014	297385591	718
387039729	963691082	719
606144094	597368721	720
751695836	249315243	721
514252023	715402119	722
2091968	342653672	723
372479563	34952964	724
126426585	5758067	725
116017734	437925649	726
682517192	211494477	727
190794450	492085595	728
342424795	813646378	729
735920867	561632231	730
453684699	976951286	731
781467983	570505260	732
379895781	841654013	733
317730014	139722403	734
542167107	346094379	735
605566391	29197444	736
358869834	571697463	737
148561906	400763480	738
550424098	204955829	739
327914417	825280489	740
219073687	637591134	741
855862239	668202406	742
649308882	95830527	743
938063960	976113514	744
56140038	859973844	745
879585754	515383403	746
249705161	59223880	747
109961760	123229464	748
707172609	661866572	749
453965464	392297282	750
530329995	831625095	751
707423775	50964714	752
77572002	785903385	753
375354756	65912373	754
662031996	16338735	755
231779283	935208452	756
215386535	488110427	757
809669341	95505570	758
714211002	63080101	759
863039209	484153114	760
706523427	141608297	761
657852220	200293111	762
682227135	593006240	763
512899782	725285171	764
443336953	897623793	765
791921024	290180011	766
761556326	654615719	767
567975321	30861438	768
813308096	472156503	769
499737466	287883314	770
27197708	88226543	771
622561809	706917079	772
446729333	830046425	773
425462650	223296483	774
626905038	229778612	775
947175039	932305389	776
786327487	497077742	777
646286822	716792477	778
234349938	495160890	779
767590056	692453414	780
179851981	324086648	781
442827059	327061400	782
586466214	807004087	783
756110467	618160195	784
107155462	936948262	785
297143531	149452353	786
322841121	871577309	787
287003255	641071713	788
667023	814788181	789
198553624	908245816	790
89651488	569062023	791
472429904	61575818	792
296496098	240748266	793
751301269	471861335	794
62180540	620650959	795
812901946	654069359	796
982273449	561415886	797
98733551	720096991	798
310332136	883369901	799
274482438	153035352	800
521910207	610654919	801
850017131	579620357	802
162235544	18959216	803
762130681	75431382	804
336259019	806936070	805
443826147	905402475	806
123429613	754903748	807
670723697	335318026	808
99641101	249674757	809
900805196	12743608	810
44211046	155527321	811
557285610	674055132	812
439307847	982239475	813
940046659	218214604	814
952602876	215997428	815
734004220	773964782	816
322024203	988281441	817
903695033	35375899	818
22068597	124470169	819
819265997	212875878	820
414064154	765452598	821
617650266	407225162	822
303318972	93581968	823
717036931	22724267	824
274335109	918620741	825
394088094	596472805	826
392481539	566792934	827
788822612	661828949	828
638180121	575217042	829
63552644	783173293	830
693745390	449073586	831
442285832	193341191	832
617152886	184926078	833
138826512	819310941	834
137214730	806036663	835
97058642	341935792	836
712759437	725715717	837
568747208	153872874	838
757624410	682049847	839
683408240	528184927	840
252793793	493997455	841
348243302	908429198	842
975785821	887113635	843
105640774	932216912	844
860818155	129280840	845
919062827	936387557	846
171105290	559514222	847
724877718	95003474	848
139638060	955583386	849
972738937	532520120	850
552397231	185089442	851
459242339	790243602	852
723739216	448173610	853
318665441	142567314	854
864765451	37869143	855
730724849	322201285	856
902920769	162546898	857
416362470	607804211	858
783708330	759989356	859
127386416	541746766	860
978660726	776479580	861
544263580	729658017	862
327845399	866552759	863
940186570	121046347	864
836894448	524546561	865
142072106	152683792	866
131325856	905911719	867
906796415	17080122	868
458658599	150411230	869
257634526	328309370	870
666257596	910069837	871
101828214	493262474	872
357822622	542516583	873
125909416	844632591	874
765118529	201408469	875
732951825	836882958	876
546929158	825153140	877
521320317	270698834	878
280553328	843439297	879
99437625	465103749	880
611597227	197557533	881
765969215	155541616	882
585879274	338605294	883
602711416	721798345	884
251601958	949223569	885
178337066	646785070	886
686616428	268004926	887
267567357	628182657	888
812347950	334722985	889
877505597	752610794	890
220353612	83746833	891
638828073	519583711	892
328770796	16975532	893
110445787	5493599	894
949107515	472341207	895
878759785	425893096	896
359451663	883172401	897
476941895	917102731	898
542302953	381423462	899
380258497	560071524	900
396811991	220696545	901
14517840	399177803	902
690849221	543892314	903
581670294	907788866	904
691984555	758177199	905
376966748	276190417	906
359677697	471212938	907
195267298	80396800	908
604276446	817309836	909
729100005	417420190	910
491535634	89097376	911
685094307	299844041	912
188410697	211087746	913
236042933	35210670	914
302383929	700213558	915
207682014	534997856	916
251968235	250023409	917
552751406	608421234	918
924763771	112870554	919
116234056	335559680	920
823881063	131544111	921
647856324	25349766	922
373581047	234953818	923
422075357	278867955	924
291627510	264858049	925
848608087	87046922	926
695628113	764844322	927
853060706	434789933	928
719138694	673309581	929
765202495	352683690	930
906350397	418645410	931
702561386	762029774	932
82314161	453295281	933
795910694	44733083	934
978609001	656415325	935
685112909	69912078	936
881604785	412488771	937
198727957	784159434	938
977498240	21354937	939
428269461	145844769	940
696851674	694985255	941
625404379	806603579	942
497704450	516648853	943
107724815	412982807	944
219999044	759868374	945
266151418	454277795	946
799154243	120040794	947
717975198	511197179	948
848008829	675662078	949
318021473	505325552	950
270014865	122955894	951
110408656	878105518	952
670215978	354387232	953
88175787	492195088	954
440044304	598650002	955
780652591	949421275	956
244389951	599089376	957
600421996	951727575	958
2540942	938327649	959
277639111	741254022	960
44823198	777435511	961
234134742	363980005	962
838537434	264399092	963
939239860	600634620	964
632441064	16132103	965
304410046	55713000	966
639328764	237927418	967
923232598	48234446	968
681041927	961880067	969
236300576	982810295	970
79639166	370243223	971
64133673	97390345	972
491345008	929956204	973
136324363	108889332	974
406362018	747585104	975
486207309	780527898	976
986902935	8362590	977
998740426	232283402	978
980885739	419071613	979
320239139	192265638	980
668273420	830453564	981
902564174	801224205	982
429669953	518489503	983
140627994	608572377	984
126625958	215976408	985
860747228	258421707	986
359342693	658310666	987
821100406	681201393	988
398163235	11900453	989
715065230	319435365	990
79930692	162916428	991
499460778	421424070	992
821678983	613288556	993
4077285	417935728	994
903901676	921851278	995
565827173	713554495	996
297676179	270690079	997
60900925	229053474	998
577401951	842827293	999
793691195	451581453	1000


Number of Erros Occurred  :1000
