64459067
548379786
325499312
23821168
12869318
52325898
906007823
506627454
825237319
249299348
891611160
110676382
843719129
284718541
404205073
440167008
672635722
758549197
769855593
661718868
869889098
360121165
984545913
522528961
746910491
559829641
904823885
659136986
52720236
70046234
951194937
449751780
663350759
169936547
931933824
920879042
37245465
167428649
928294214
831828666
467732331
466947341
995913727
254959647
51482496
68919441
753042849
90756463
876952028
163666501
966779270
481683403
727493328
139898456
37198134
758165764
79532311
199418802
820918680
551534336
860841502
732813564
943782692
963347964
46507441
907976214
59947483
157048597
275975392
738437422
211813859
486256031
747970850
644514801
268407752
784302195
409993116
944394770
414907
175443444
717557046
264074585
755490265
844855403
867926742
154945525
766530397
288006505
222456313
467836418
695177667
517791910
392611560
994841879
668453114
765782285
925170033
617390541
303610014
839784068
686456404
845649736
25593697
700508112
237616157
765355098
421492946
995370756
214897305
694501873
228349919
305141927
981410069
134133368
972619399
302551070
891292271
856271811
675628043
698579742
651932627
771469188
539383064
218519587
872599007
85867007
408016262
190513337
282329314
853176953
403241232
329819751
486018353
85843503
335991938
383790404
507155738
812794710
829455135
408081892
910936877
853450932
657961513
113975759
397316066
849378870
99885657
602865688
259135077
951183952
953467562
321368928
707892982
171630160
273019981
573752487
116992028
389806205
354101284
661466535
414448168
540950769
562478690
501749658
174065295
868995757
323012137
92301186
662531782
223165960
332635118
46148167
744775735
229703636
279103832
66725144
128084319
164055470
827699563
975429542
654498105
650742334
694456723
704371300
265458707
147052881
287467365
322115404
757203222
219651322
36839694
723307978
848215666
12695606
903769097
996222668
438137861
456985943
475570596
432280015
704797166
295411481
42191119
2313201
469761039
777993181
654399496
611592795
820458148
744375608
825224976
831432765
55533198
734761037
979612215
151906477
58787044
820054710
153795221
845819334
213334406
24155355
626083515
212981894
519030685
450825886
610733281
769631339
35895278
648616449
875980018
328594638
449738406
389068797
145721087
568215212
755838797
893810763
548503555
119536170
293626263
866851934
319456443
718257644
390453863
628957999
747470928
135696750
161579329
792552420
784643137
718367125
315652538
680335891
185453483
977442292
358567389
495103014
497423055
769226206
413467284
267813746
410633044
430059781
959550690
521821599
777742193
196600889
368323647
259446342
348867278
209433271
498932798
187250929
615771857
617208477
579973078
45658909
304520645
975750437
578735708
414942339
181367655
860160353
500349721
718605154
713655198
344087954
848352969
462652711
531761188
263896910
320686023
723953917
33193498
489420608
381080477
104929151
643780774
388526106
454668369
584259607
826554218
785150321
456152606
45688023
292722839
728806741
794917994
469396794
436902680
605243098
133114727
91981274
100369477
167990404
942391543
496161019
85400355
618997142
237776440
796092040
308211396
128498469
959204065
349760472
24505789
970110755
985895857
636627426
11733521
642008216
5544137
577294582
529647613
229567314
332386731
560018618
311391059
869604550
965605723
706797300
930775340
822545394
508968421
228416636
384888694
169414569
755316059
662027570
697156776
725465354
403326587
932217080
467979094
232456323
461567535
764603821
484750160
241484738
25577985
124330785
198064470
144461748
781748048
974221863
797177615
372795828
736332317
756200366
192674338
102077758
260117162
17271004
51928330
690019218
354152827
213370019
394589275
968900938
653299239
408184979
577402683
571861628
892494408
366430564
88659852
760334556
319772448
653218476
365802921
608710787
725470818
476893846
513756453
140047171
177341988
37854483
962967790
653568147
212933393
446518700
984849429
222569864
946081233
472539666
142643191
461282091
999709450
348203156
989295077
507504154
644846183
213811253
562674872
17052131
70359472
298913563
803462248
416690989
158188379
584991140
519703478
49129853
746605760
208245644
768725009
534895875
988429341
497994864
948465
815609982
818029262
197961758
3822917
168585714
806583380
676246142
693283419
195441789
816746706
125635822
331214236
651495294
550968618
632794248
777761865
936521143
283409312
871596979
467759094
225027159
29012709
405574737
795671329
229364568
933996790
421989630
188178599
835730865
991830261
999593115
446232746
56329650
796377325
193124497
310407073
68236260
286030915
958385863
974942459
269595486
327789636
384044389
406437244
856264791
420137885
726274003
547010389
26480972
29654872
32933451
617403192
623879260
305904404
155840166
49316967
645305940
641871808
636996319
239305115
50677494
423989059
806137878
662779760
443235726
12897287
155750146
533238056
317363801
822282204
888331965
995725407
162965473
365308718
591763022
171867055
909240265
569295606
744640362
573106657
655292285
702348594
54511233
795280558
673265730
560134473
81716187
526142438
612927087
595739663
98400228
90106637
178294206
357573080
300915019
38668182
492202304
781520791
98782203
168768185
241133804
65286396
346430320
977556299
295129440
935186089
787868996
35253384
355705469
124609470
421588194
598748575
170874338
733740427
504885854
431209022
566744308
182063659
686852799
708694991
374592935
702729265
23473482
701213717
425538737
189013257
86266771
321341902
701298142
769447803
466172978
351510869
319184618
780792490
128755845
137072323
707396463
424199071
585517153
793095543
906518701
958275753
225764318
455613608
859346040
891948057
803690477
424890820
104425198
640423872
359235579
941783347
22336413
251096761
768431040
262157082
902394981
485583219
882019101
355634024
793831685
969812811
187261604
503729215
79680223
167333954
481188400
107572565
43495569
78275421
386215720
601529357
862890613
673631477
991539111
766684458
648415815
152455892
544706401
765865630
868635862
759910497
144229310
555880019
865322908
336532406
957587276
703566342
898241663
78973256
753167412
741973017
583481650
528312880
354258285
270941402
290534696
304673910
680743454
711205113
668797493
99189129
168998592
65479877
547317374
252572226
700755656
547800565
716964169
473058869
611993977
685410057
417791609
50058303
100829847
405977472
377305678
712379040
667621769
951046697
241948287
340556381
660307478
33218302
385338793
137945165
275770660
731007746
897014632
172714997
643391335
810333603
174722800
623545521
381028716
511280946
289732010
691434611
410178725
998230449
993558530
425217241
737162306
825205266
369255607
383865025
640600749
333976065
119859301
725005517
296530185
46644739
323923045
226471364
689062405
62724792
438603052
292656729
648753645
467584592
975043566
584778777
336763184
793949528
304021955
320044703
260797953
361963917
134465963
497948862
177793162
592451692
969890336
977522812
771948479
11507265
128143708
134541259
598351091
426191994
430594860
292929062
340421990
50443133
758601116
707009224
297385591
963691082
597368721
249315243
715402119
342653672
34952964
5758067
437925649
211494477
492085595
813646378
561632231
976951286
570505260
841654013
139722403
346094379
29197444
571697463
400763480
204955829
825280489
637591134
668202406
95830527
976113514
859973844
515383403
59223880
123229464
661866572
392297282
831625095
50964714
785903385
65912373
16338735
935208452
488110427
95505570
63080101
484153114
141608297
200293111
593006240
725285171
897623793
290180011
654615719
30861438
472156503
287883314
88226543
706917079
830046425
223296483
229778612
932305389
497077742
716792477
495160890
692453414
324086648
327061400
807004087
618160195
936948262
149452353
871577309
641071713
814788181
908245816
569062023
61575818
240748266
471861335
620650959
654069359
561415886
720096991
883369901
153035352
610654919
579620357
18959216
75431382
806936070
905402475
754903748
335318026
249674757
12743608
155527321
674055132
982239475
218214604
215997428
773964782
988281441
35375899
124470169
212875878
765452598
407225162
93581968
22724267
918620741
596472805
566792934
661828949
575217042
783173293
449073586
193341191
184926078
819310941
806036663
341935792
725715717
153872874
682049847
528184927
493997455
908429198
887113635
932216912
129280840
936387557
559514222
95003474
955583386
532520120
185089442
790243602
448173610
142567314
37869143
322201285
162546898
607804211
759989356
541746766
776479580
729658017
866552759
121046347
524546561
152683792
905911719
17080122
150411230
328309370
910069837
493262474
542516583
844632591
201408469
836882958
825153140
270698834
843439297
465103749
197557533
155541616
338605294
721798345
949223569
646785070
268004926
628182657
334722985
752610794
83746833
519583711
16975532
5493599
472341207
425893096
883172401
917102731
381423462
560071524
220696545
399177803
543892314
907788866
758177199
276190417
471212938
80396800
817309836
417420190
89097376
299844041
211087746
35210670
700213558
534997856
250023409
608421234
112870554
335559680
131544111
25349766
234953818
278867955
264858049
87046922
764844322
434789933
673309581
352683690
418645410
762029774
453295281
44733083
656415325
69912078
412488771
784159434
21354937
145844769
694985255
806603579
516648853
412982807
759868374
454277795
120040794
511197179
675662078
505325552
122955894
878105518
354387232
492195088
598650002
949421275
599089376
951727575
938327649
741254022
777435511
363980005
264399092
600634620
16132103
55713000
237927418
48234446
961880067
982810295
370243223
97390345
929956204
108889332
747585104
780527898
8362590
232283402
419071613
192265638
830453564
801224205
518489503
608572377
215976408
258421707
658310666
681201393
11900453
319435365
162916428
421424070
613288556
417935728
921851278
713554495
270690079
229053474
842827293
451581453