[1,0,1,2,1,1,7,5]
[0,1,0,1,0,1,0,1]
3
[0]
[0]
1
[10,1,7]
[0,0,0]
2
[4,10,10]
[1,1,0]
2[1,0,1,2,1,1,7,5]
[0,1,0,1,0,1,0,1]
3
[0]
[0]
1
[10,1,7]
[0,0,0]
2
[4,10,10]
[1,1,0]
2
[1, 2, 3, 4, 5]
[1, 1, 1, 0, 0]
3
[10, 1, 10, 1, 10, 1, 10]
[1, 1, 1, 1, 1, 1, 1]
1
[5, 8, 3, 6, 9, 4, 7]
[0, 1, 0, 1, 0, 1, 0]
3
[1, 2, 3, 4, 5]
[1, 1, 1, 1, 1]
1
[1, 2, 3, 4, 5]
[1, 1, 1, 0, 0]
3
[10, 1, 10, 1, 10, 1, 10]
[1, 1, 1, 1, 1, 1, 1]
1
[5, 8, 3, 6, 9, 4, 7]
[0, 1, 0, 1, 0, 1, 0]
3
[1, 2, 3, 4, 5]
[1, 1, 1, 1, 1]
1